Tamanhos dos vetores
tamanhos = [1000, 5000, 10000, 15000, 20000, 25000, 50000, 100000]

Shell Sort
tempos_shell_aleatorio   = [299.99, 1600.43, 4401.03, 6001.52, 10002.2, 12302.8, 26205.8, 59417.8]
tempos_shell_crescente   = [100.08, 600.03, 1200.23, 1700.27, 3000.75, 3300.63, 6601.61, 14809]
tempos_shell_decrescente = [100.04, 900.23, 2000.45, 3100.63, 4401.06, 5301.29, 10302.3, 21309.2]
tempos_shell_medio       = [166.7, 1033.56, 2533.9, 3600.8, 5801.34, 6974.91, 14369.9, 31845.3]

Selection Sort
tempos_selection_aleatorio   = [3100.7, 83270, 284846, 633213, 1096790, 1849810, 7002720, 26991900]
tempos_selection_crescente   = [3300.72, 75331.7, 280537, 609898, 1154150, 1872960, 6780020, 27063900]
tempos_selection_decrescente = [3401.37, 77517.4, 284554, 645851, 1230330, 1912550, 6935030, 27791700]
tempos_selection_medio       = [3267.6, 78706.4, 283312.3, 629654, 1163757, 1875106, 6905923, 27272500]

Quick Sort (pivô = primeiro elemento)
tempos_quick1_aleatorio   = [200.02, 1000.21, 1898.28, 3100.79, 5005.32, 5101.19, 11802.9, 32364.9]
tempos_quick1_crescente   = [1400.21, 40009, 164733, 397163, 709055, 1045210, 4311530, 16528800]
tempos_quick1_decrescente = [1500.44, 40124.5, 167903, 400489, 714066, 1080140, 3843240, 15402200]
tempos_quick1_medio       = [1033.6, 27044.6, 111511, 266918, 476042, 708817, 2725524, 10621121]

Quick Sort (pivô = central)
tempos_quick2_aleatorio   = [99.85, 1012.05, 2031.7, 3329.01, 4545.94, 5127.91, 11130.3, 24414]
tempos_quick2_crescente   = [0, 400.09, 713.48, 1001.87, 1210.56, 1833.8, 3120.32, 8810.92]
tempos_quick2_decrescente = [0, 512.17, 814.54, 1404.95, 1812.25, 2000.5, 4518.41, 9407.53]
tempos_quick2_medio       = [33.28, 641.44, 1186.57, 1911.94, 2522.92, 2920.74, 6246.34, 14210.8]

Merge Sort
tempos_merge_aleatorio   = [612.18, 4022.98, 8274.23, 11971.8, 16019.2, 19406.9, 36802.7, 73310.7]
tempos_merge_crescente   = [500.24, 3934.54, 8041.24, 10365.2, 13202.3, 14988.3, 29588.8, 59356.7]
tempos_merge_decrescente = [499.92, 3008.35, 6711.22, 10001.2, 13499.1, 16559.7, 28836.5, 59055.2]
tempos_merge_medio       = [537.45, 3655.29, 7675.56, 10779.4, 14240.2, 16984.97, 31742.7, 63907.5]

Insertion Sort
tempos_insertion_aleatorio   = [2200.41, 53411.9, 212048, 456803, 819766, 1265600, 5343660, 21390000]
tempos_insertion_crescente   = [0, 100.07, 100.07, 300.07, 333.56, 370.89, 399.98, 1000.06]
tempos_insertion_decrescente = [4801.12, 102923, 413193, 909794, 1609560, 2513990, 10607100, 43512100]
tempos_insertion_medio       = [2333.84, 52011.65, 208447.02, 455632.36, 808775.33, 1259863.33, 5333853.33, 21901033.36]

Heap Sort
tempos_heap_aleatorio   = [400.08, 2000.45, 4200.77, 6401.37, 8801.76, 11502.6, 23913.9, 53812.2]
tempos_heap_crescente   = [300.1, 2155.74, 4801.16, 6301.36, 7801.73, 10452.9, 21383.1, 47010.6]
tempos_heap_decrescente = [300.15, 1800.36, 3700.88, 5901.25, 7101.74, 10202.2, 21104.7, 42909.7]
tempos_heap_medio       = [333.44, 1985.52, 4234.27, 6201.33, 7901.74, 10719.23, 22133.9, 47910.83]

Bubble Sort (sem melhorias)
tempos_bubble_aleatorio   = [11502.6, 292370, 1031760, 2345710, 4096440, 6310690, 25430900, 102670000]
tempos_bubble_crescente   = [6601.41, 151234, 559141, 1371390, 2229890, 3471640, 13978700, 55480200]
tempos_bubble_decrescente = [12702.9, 282163, 1104230, 2493690, 4411400, 6858360, 27707600, 110925000]
tempos_bubble_medio       = [6935.0, 241922.3, 898043.7, 2070263, 3585910, 5546897, 22372400, 89758333.3]

Bubble Sort (melhorado)
tempos_bubble_otimizado_aleatorio   = [7401.69, 195544, 912656, 1745040, 3139160, 5316860, 21520900, 82054100]
tempos_bubble_otimizado_crescente   = [0, 0, 0, 99.98, 188.24, 300.14, 400.16, 700.17]
tempos_bubble_otimizado_decrescente = [10002.2, 288978, 891900, 2053130, 3485590, 5522050, 26235700, 97898400]
tempos_bubble_otimizado_medio       = [5801.29, 161507.33, 601518.7, 1269423.33, 2207920, 3616403.38, 16032333.33, 60251066.72]
